0 0 19.5 1 17.5 24.0
1 0 19.48 1 17.5 24.0
2 0 19.46 1 17.5 24.0
3 0 19.44 1 17.5 24.0
4 0 19.42 1 17.5 24.0
5 0 19.4 1 17.5 24.0
6 0 19.38 1 17.5 24.0
7 0 19.36 1 17.5 24.0
8 0 19.34 1 17.5 24.0
9 0 19.32 1 17.5 24.0
10 0 19.3 1 17.5 24.0
11 0 19.28 1 17.5 24.0
12 0 19.26 1 17.5 24.0
13 0 19.24 1 17.5 24.0
14 0 19.22 1 17.5 24.0
15 0 19.2 1 17.5 24.0
16 0 19.18 1 17.5 24.0
17 0 19.16 1 17.5 24.0
18 0 19.14 1 17.5 24.0
19 0 19.12 1 17.5 24.0
20 0 19.1 1 17.5 24.0
21 0 19.08 1 17.5 24.0
22 0 19.06 1 17.5 24.0
23 0 19.04 1 17.5 24.0
24 0 19.02 1 17.5 24.0
25 0 19 1 17.5 24.0
26 0 18.98 1 17.5 24.0
27 0 18.96 1 17.5 24.0
28 0 18.94 1 17.5 24.0
29 0 18.92 1 17.5 24.0
30 0 18.9 1 17.5 24.0
31 0 18.88 1 17.5 24.0
32 0 18.86 1 17.5 24.0
33 0 18.84 1 17.5 24.0
34 0 18.82 1 17.5 24.0
35 0 18.8 1 17.5 24.0
36 0 18.78 1 17.5 24.0
37 0 18.76 1 17.5 24.0
38 0 18.74 1 17.5 24.0
39 0 18.72 1 17.5 24.0
40 0 18.7 1 17.5 24.0
41 0 18.68 1 17.5 24.0
42 0 18.66 1 17.5 24.0
43 0 18.64 1 17.5 24.0
44 0 18.62 1 17.5 24.0
45 0 18.6 1 17.5 24.0
46 0 18.58 1 17.5 24.0
47 0 18.56 1 17.5 24.0
48 0 18.54 1 17.5 24.0
49 0 18.52 1 17.5 24.0
50 0 18.5 1 17.5 24.0
51 0 18.48 1 17.5 24.0
52 0 18.46 1 17.5 24.0
53 0 18.44 1 17.5 24.0
54 0 18.42 1 17.5 24.0
55 0 18.4 1 17.5 24.0
56 0 18.38 1 17.5 24.0
57 0 18.36 1 17.5 24.0
58 0 18.34 1 17.5 24.0
59 0 18.32 1 17.5 24.0
60 0 18.3 1 17.5 24.0
61 0 18.28 1 17.5 24.0
62 0 18.26 1 17.5 24.0
63 0 18.24 1 17.5 24.0
64 0 18.22 1 17.5 24.0
65 0 18.2 1 17.5 24.0
66 0 18.18 1 17.5 24.0
67 0 18.16 1 17.5 24.0
68 0 18.14 1 17.5 24.0
69 0 18.12 1 17.5 24.0
70 0 18.1 1 17.5 24.0
71 0 18.08 1 17.5 24.0
72 0 18.06 1 17.5 24.0
73 0 18.04 1 17.5 24.0
74 0 18.02 1 17.5 24.0
75 0 18 1 17.5 24.0
76 0 17.98 1 17.5 24.0
77 0 17.96 1 17.5 24.0
78 0 17.94 1 17.5 24.0
79 0 17.92 1 17.5 24.0
80 0 17.9 1 17.5 24.0
81 0 17.88 1 17.5 24.0
82 0 17.86 1 17.5 24.0
83 0 17.84 1 17.5 24.0
84 0 17.82 1 17.5 24.0
85 0 17.8 1 17.5 24.0
86 0 17.78 1 17.5 24.0
87 0 29.5 0 17.5 24.0
88 0 29.5 0 17.5 24.0
89 0 29.5 0 17.5 24.0
90 0 29.5 0 17.5 24.0
91 0 29.5 0 17.5 24.0
92 0 29.5 0 17.5 24.0
93 0 29.5 0 17.5 24.0
94 0 29.5 0 17.5 24.0
95 0 29.5 0 17.5 24.0
96 0 29.5 0 17.5 24.0
97 0 29.5 0 17.5 24.0
98 0 29.5 0 17.5 24.0
99 0 29.5 0 17.5 24.0
100 0 29.5 0 17.5 24.0
101 0 29.5 0 17.5 24.0
102 0 29.5 0 17.5 24.0
103 0 29.5 0 17.5 24.0
104 0 29.5 0 17.5 24.0
105 0 29.5 0 17.5 24.0
106 0 29.5 0 17.5 24.0
107 0 29.5 0 17.5 24.0
108 0 29.5 0 17.5 24.0
109 0 29.5 0 17.5 24.0
110 0 29.5 0 17.5 24.0
111 0 29.5 0 17.5 24.0
112 0 29.5 0 17.5 24.0
113 0 29.5 0 17.5 24.0
114 0 29.5 0 17.5 24.0
115 0 29.5 0 17.5 24.0
116 0 29.5 0 17.5 24.0
117 0 29.5 0 17.5 24.0
118 0 29.5 0 17.5 24.0
119 0 29.5 0 17.5 24.0
120 0 29.5 0 17.5 24.0
121 0 29.5 0 17.5 24.0
122 0 29.5 0 17.5 24.0
123 0 29.5 0 17.5 24.0
124 0 29.5 0 17.5 24.0
125 0 29.5 0 17.5 24.0
126 0 29.5 0 17.5 24.0
127 0 29.5 0 17.5 24.0
128 0 29.5 0 17.5 24.0
129 0 29.5 0 17.5 24.0
130 0 29.5 0 17.5 24.0
131 0 29.5 0 17.5 24.0
132 0 29.5 0 17.5 24.0
133 0 29.5 0 17.5 24.0
134 0 29.5 0 17.5 24.0
135 0 29.5 0 17.5 24.0
136 0 29.5 0 17.5 24.0
137 0 29.5 0 17.5 24.0
138 0 29.5 0 17.5 24.0
139 0 29.5 0 17.5 24.0
140 0 29.5 0 17.5 24.0
141 0 29.5 0 17.5 24.0
142 0 29.5 0 17.5 24.0
143 0 29.5 0 17.5 24.0
144 0 29.5 0 17.5 24.0
145 0 29.5 0 17.5 24.0
146 0 29.5 0 17.5 24.0
147 0 29.5 0 17.5 24.0
148 0 29.5 0 17.5 24.0
149 0 29.5 0 17.5 24.0
150 0 19.02 1 17.5 24.0
151 0 19 1 17.5 24.0
152 0 18.98 1 17.5 24.0
153 0 18.96 1 17.5 24.0
154 0 18.94 1 17.5 24.0
155 0 18.92 1 17.5 24.0
156 0 18.9 1 17.5 24.0
157 0 18.88 1 17.5 24.0
158 0 18.86 1 17.5 24.0
159 0 18.84 1 17.5 24.0
160 0 18.82 1 17.5 24.0
161 0 18.8 1 17.5 24.0
162 0 18.78 1 17.5 24.0
163 0 18.76 1 17.5 24.0
164 0 18.74 1 17.5 24.0
165 0 18.72 1 17.5 24.0
166 0 18.7 1 17.5 24.0
167 0 18.68 1 17.5 24.0
168 0 18.66 1 17.5 24.0
169 0 18.64 1 17.5 24.0
170 0 18.62 1 17.5 24.0
171 0 18.6 1 17.5 24.0
172 0 18.58 1 17.5 24.0
173 0 18.56 1 17.5 24.0
174 0 18.54 1 17.5 24.0
175 0 18.52 1 17.5 24.0
176 0 18.5 1 17.5 24.0
177 0 18.48 1 17.5 24.0
178 0 18.46 1 17.5 24.0
179 0 18.44 1 17.5 24.0
180 0 18.42 1 17.5 24.0
181 0 18.4 1 17.5 24.0
182 0 18.38 1 17.5 24.0
183 0 18.36 1 17.5 24.0
184 0 18.34 1 17.5 24.0
185 0 18.32 1 17.5 24.0
186 0 18.3 1 17.5 24.0
187 0 18.28 1 17.5 24.0
188 0 18.26 1 17.5 24.0
189 0 18.24 1 17.5 24.0
190 0 18.22 1 17.5 24.0
191 0 18.2 1 17.5 24.0
192 0 18.18 1 17.5 24.0
193 0 18.16 1 17.5 24.0
194 0 18.14 1 17.5 24.0
195 0 18.12 1 17.5 24.0
196 0 18.1 1 17.5 24.0
197 0 18.08 1 17.5 24.0
198 0 18.06 1 17.5 24.0
199 0 18.04 1 17.5 24.0
200 0 18.02 1 17.5 24.0
201 0 18 1 17.5 24.0
202 0 17.98 1 17.5 24.0
203 0 17.96 1 17.5 24.0
204 0 17.94 1 17.5 24.0
205 0 17.92 1 17.5 24.0
206 0 17.9 1 17.5 24.0
207 0 17.88 1 17.5 24.0
208 0 17.86 1 17.5 24.0
209 0 17.84 1 17.5 24.0
210 0 17.82 1 17.5 24.0
211 0 17.8 1 17.5 24.0
212 0 17.78 1 17.5 24.0
213 0 17.76 1 17.5 24.0
214 0 17.74 1 17.5 24.0
215 0 17.72 1 17.5 24.0
216 0 17.7 1 17.5 24.0
217 0 17.68 1 17.5 24.0
218 0 17.66 1 17.5 24.0
219 0 17.64 1 17.5 24.0
220 0 17.62 1 17.5 24.0
221 0 17.6 1 17.5 24.0
222 0 17.58 1 17.5 24.0
223 0 17.56 1 17.5 24.0
224 0 17.54 1 17.5 24.0
225 0 17.52 1 17.5 24.0
226 0 17.5 1 17.5 24.0
227 0 17.48 1 17.5 24.0
228 1 17.46 1 17.5 24.0
229 2 17.44 1 17.5 24.0
230 3 17.42 1 17.5 24.0
231 4 17.4 1 17.5 24.0
232 5 17.38 1 17.5 24.0
233 6 17.36 1 17.5 24.0
234 7 17.34 1 17.5 24.0
235 8 17.32 1 17.5 24.0
236 9 17.3 1 17.5 24.0
237 10 17.28 1 17.5 24.0
238 11 17.26 0 17.5 24.0
239 12 17.24 0 17.5 24.0
240 13 17.22 0 17.5 24.0
241 14 17.2 0 17.5 24.0
242 15 17.18 0 17.5 24.0
243 16 17.16 0 17.5 24.0
244 17 17.14 0 17.5 24.0
245 18 17.12 0 17.5 24.0
246 19 17.1 0 17.5 24.0
247 20 17.08 0 17.5 24.0
248 21 17.06 0 17.5 24.0
249 22 17.04 0 17.5 24.0
250 23 17.02 0 17.5 24.0
251 24 17 0 17.5 24.0
252 25 16.98 0 17.5 24.0
253 26 29.5 0 17.5 24.0
254 0 29.5 0 17.5 24.0
255 0 29.5 0 17.5 24.0
256 0 29.5 0 17.5 24.0
257 0 29.5 0 17.5 24.0
258 0 29.5 0 17.5 24.0
259 0 29.5 0 17.5 24.0
260 0 29.5 0 17.5 24.0
261 0 29.5 0 17.5 24.0
262 0 29.5 0 17.5 24.0
263 0 29.5 0 17.5 24.0
264 0 29.5 0 17.5 24.0
265 0 29.5 0 17.5 24.0
266 0 29.5 0 17.5 24.0
267 0 29.5 0 17.5 24.0
268 0 29.5 0 17.5 24.0
269 0 29.5 0 17.5 24.0
270 0 29.5 0 17.5 24.0
271 0 29.5 0 17.5 24.0
272 0 29.5 0 17.5 24.0
273 0 29.5 0 17.5 24.0
274 0 29.5 0 17.5 24.0
275 0 29.5 0 17.5 24.0
276 0 29.5 0 17.5 24.0
277 0 29.5 0 17.5 24.0
278 0 29.5 0 17.5 24.0
279 0 29.5 0 17.5 24.0
280 0 29.5 0 17.5 24.0
281 0 29.5 0 17.5 24.0
282 0 29.5 0 17.5 24.0
283 0 29.5 0 17.5 24.0
284 0 29.5 0 17.5 24.0
285 0 29.5 0 17.5 24.0
286 0 29.5 0 17.5 24.0
287 0 29.5 0 17.5 24.0
288 0 29.5 0 17.5 24.0
289 0 29.5 0 17.5 24.0
290 0 29.5 0 17.5 24.0
291 0 29.5 0 17.5 24.0
292 0 29.5 0 17.5 24.0
293 0 29.5 0 17.5 24.0
294 0 29.5 0 17.5 24.0
295 0 29.5 0 17.5 24.0
296 0 29.5 0 17.5 24.0
297 0 29.5 0 17.5 24.0
298 0 29.5 0 17.5 24.0
299 0 29.5 0 17.5 24.0
300 0 29.5 0 17.5 24.0
301 0 29.5 0 17.5 24.0
302 0 29.5 0 17.5 24.0
303 0 29.5 0 17.5 24.0
304 0 29.5 0 17.5 24.0
305 0 29.5 0 17.5 24.0
306 0 29.5 0 17.5 24.0
307 0 29.5 0 17.5 24.0
308 0 29.5 0 17.5 24.0
309 0 29.5 0 17.5 24.0
310 0 29.5 0 17.5 24.0
311 0 29.5 0 17.5 24.0
312 0 29.5 0 17.5 24.0
313 0 29.5 0 17.5 24.0
314 0 29.5 0 17.5 24.0
315 0 29.5 0 17.5 24.0
316 0 29.5 0 17.5 24.0
317 0 29.5 0 17.5 24.0
318 0 29.5 0 17.5 24.0
319 0 29.5 0 17.5 24.0
320 0 29.5 0 17.5 24.0
321 0 29.5 0 17.5 24.0
322 0 29.5 0 17.5 24.0
323 0 29.5 0 17.5 24.0
324 0 29.5 0 17.5 24.0
325 0 29.5 0 17.5 24.0
326 0 29.5 0 17.5 24.0
327 0 29.5 0 17.5 24.0
328 0 29.5 0 17.5 24.0
329 0 29.5 0 17.5 24.0
330 0 29.5 0 17.5 24.0
331 0 29.5 0 17.5 24.0
332 0 29.5 0 17.5 24.0
333 0 29.5 0 17.5 24.0
334 0 29.5 0 17.5 24.0
335 0 29.5 0 17.5 24.0
336 0 18.62 1 17.5 24.0
337 0 18.6 1 17.5 24.0
338 0 18.58 1 17.5 24.0
339 0 18.56 1 17.5 24.0
340 0 18.54 1 17.5 24.0
341 0 18.52 1 17.5 24.0
342 0 18.5 1 17.5 24.0
343 0 18.48 1 17.5 24.0
344 0 18.46 1 17.5 24.0
345 0 18.44 1 17.5 24.0
346 0 18.42 1 17.5 24.0
347 0 18.4 1 17.5 24.0
348 0 18.38 1 17.5 24.0
349 0 18.36 1 17.5 24.0
350 0 18.34 1 17.5 24.0
351 0 18.32 1 17.5 24.0
352 0 18.3 1 17.5 24.0
353 0 18.28 1 17.5 24.0
354 0 18.26 1 17.5 24.0
355 0 18.24 1 17.5 24.0
356 0 18.22 1 17.5 24.0
357 0 18.2 1 17.5 24.0
358 0 18.18 1 17.5 24.0
359 0 18.16 1 17.5 24.0
360 0 18.14 1 17.5 24.0
361 0 18.12 1 17.5 24.0
362 0 18.1 1 17.5 24.0
363 0 18.08 1 17.5 24.0
364 0 18.06 1 17.5 24.0
365 0 18.04 1 17.5 24.0
366 0 18.02 1 17.5 24.0
367 0 18 1 17.5 24.0
368 0 17.98 1 17.5 24.0
369 0 17.96 1 17.5 24.0
370 0 17.94 1 17.5 24.0
371 0 17.92 1 17.5 24.0
372 0 17.9 1 17.5 24.0
373 0 17.88 1 17.5 24.0
374 0 17.86 1 17.5 24.0
375 0 17.84 1 17.5 24.0
376 0 17.82 1 17.5 24.0
377 0 17.8 1 17.5 24.0
378 0 17.78 1 17.5 24.0
379 0 17.76 1 17.5 24.0
380 0 17.74 1 17.5 24.0
381 0 17.72 1 17.5 24.0
382 0 17.7 1 17.5 24.0
383 0 17.68 1 17.5 24.0
384 0 17.66 1 17.5 24.0
385 0 17.64 1 17.5 24.0
386 0 17.62 1 17.5 24.0
387 0 17.6 1 17.5 24.0
388 0 17.58 1 17.5 24.0
389 0 17.56 1 17.5 24.0
390 0 17.54 1 17.5 24.0
391 0 17.52 1 17.5 24.0
392 0 17.5 1 17.5 24.0
393 0 17.48 1 17.5 24.0
394 1 17.46 1 17.5 24.0
395 2 17.44 1 17.5 24.0
396 3 17.42 1 17.5 24.0
397 4 17.4 1 17.5 24.0
398 5 17.38 1 17.5 24.0
399 6 17.36 1 17.5 24.0
400 7 17.34 1 17.5 24.0
401 8 17.32 1 17.5 24.0
402 9 17.3 1 17.5 24.0
403 10 17.28 1 17.5 24.0
404 11 17.26 0 17.5 24.0
405 12 17.24 0 17.5 24.0
406 13 17.22 0 17.5 24.0
407 14 17.2 0 17.5 24.0
408 15 17.18 0 17.5 24.0
409 16 17.16 0 17.5 24.0
410 17 17.14 0 17.5 24.0
411 18 17.12 0 17.5 24.0
412 19 17.1 0 17.5 24.0
413 20 17.08 0 17.5 24.0
414 21 17.06 0 17.5 24.0
415 22 17.04 0 17.5 24.0
416 23 17.02 0 17.5 24.0
417 24 17 0 17.5 24.0
418 25 16.98 0 17.5 24.0
419 26 16.96 0 17.5 24.0
420 27 16.94 0 17.5 24.0
421 28 16.92 0 17.5 24.0
422 29 16.9 0 17.5 24.0
423 30 16.88 0 17.5 24.0
424 31 16.86 0 17.5 24.0
425 32 16.84 0 17.5 24.0
426 33 16.82 0 17.5 24.0
427 34 16.8 0 17.5 24.0
428 35 16.78 0 17.5 24.0
429 36 16.76 0 17.5 24.0
430 37 16.74 0 17.5 24.0
431 38 16.72 0 17.5 24.0
432 39 16.7 0 17.5 24.0
433 40 16.68 0 17.5 24.0
434 41 16.66 0 17.5 24.0
435 42 16.64 0 17.5 24.0
436 43 16.62 0 17.5 24.0
437 44 16.6 0 17.5 24.0
438 45 16.58 0 17.5 24.0
439 46 16.56 0 17.5 24.0
440 47 16.54 0 17.5 24.0
441 48 16.52 0 17.5 24.0
442 49 16.5 0 17.5 24.0
443 50 16.48 0 17.5 24.0
444 51 16.46 0 17.5 24.0
445 52 16.44 0 17.5 24.0
446 53 16.42 0 17.5 24.0
447 54 16.4 0 17.5 24.0
448 55 16.38 0 17.5 24.0
449 56 16.36 0 17.5 24.0
450 57 16.34 0 17.5 24.0
451 58 16.32 0 17.5 24.0
452 59 16.3 0 17.5 24.0
453 60 16.28 0 17.5 24.0
454 61 16.26 0 17.5 24.0
455 62 16.24 0 17.5 24.0
456 63 16.22 0 17.5 24.0
457 64 16.2 0 17.5 24.0
458 65 16.18 0 17.5 24.0
459 66 16.16 0 17.5 24.0
460 67 16.14 0 17.5 24.0
461 68 16.12 0 17.5 24.0
462 69 16.1 0 17.5 24.0
463 70 16.08 0 17.5 24.0
464 71 16.06 0 17.5 24.0
465 72 16.04 0 17.5 24.0
466 73 16.02 0 17.5 24.0
467 74 16 0 17.5 24.0
468 75 15.98 0 17.5 24.0
469 76 15.96 0 17.5 24.0
470 77 15.94 0 17.5 24.0
471 78 15.92 0 17.5 24.0
472 79 15.9 0 17.5 24.0
473 80 15.88 0 17.5 24.0
474 81 15.86 0 17.5 24.0
475 82 15.84 0 17.5 24.0
476 83 15.82 0 17.5 24.0
477 84 15.8 0 17.5 24.0
478 85 15.78 0 17.5 24.0
479 86 15.76 0 17.5 24.0
480 87 15.74 0 17.5 24.0
481 88 15.72 0 17.5 24.0
482 89 15.7 0 17.5 24.0
483 90 15.68 0 17.5 24.0
484 91 15.66 0 17.5 24.0
485 92 15.64 0 17.5 24.0
486 93 15.62 0 17.5 24.0
487 94 15.6 0 17.5 24.0
488 95 15.58 0 17.5 24.0
489 96 15.56 0 17.5 24.0
490 97 15.54 0 17.5 24.0
491 98 15.52 0 17.5 24.0
492 99 15.5 0 17.5 24.0
493 100 15.48 0 17.5 24.0
494 101 15.46 0 17.5 24.0
495 102 15.44 0 17.5 24.0
496 103 15.42 0 17.5 24.0
497 104 15.4 0 17.5 24.0
498 105 15.38 0 17.5 24.0
499 106 15.36 0 17.5 24.0
500 107 15.34 0 17.5 24.0
501 108 15.32 0 17.5 24.0
502 109 15.3 0 17.5 24.0
503 110 15.28 0 17.5 24.0
504 111 15.26 0 17.5 24.0
505 112 15.24 0 17.5 24.0
506 113 15.22 0 17.5 24.0
507 114 15.2 0 17.5 24.0
508 115 15.18 0 17.5 24.0
509 116 15.16 0 17.5 24.0
510 117 15.14 0 17.5 24.0
511 118 15.12 0 17.5 24.0
512 119 15.1 0 17.5 24.0
513 120 15.08 0 17.5 24.0
514 121 0 0 17.5 24.0
515 122 0 0 17.5 24.0
516 123 0 0 17.5 24.0
517 124 0 0 17.5 24.0
518 125 0 0 17.5 24.0
519 126 0 0 17.5 24.0
520 127 0 0 17.5 24.0
521 128 0 0 17.5 24.0
522 129 0 0 17.5 24.0
523 130 0 0 17.5 24.0
524 131 0 0 17.5 24.0
